4294967294,0
4294967278,394
4294967278,393
4294967279,218
4294967279,171
4294967279,169
4294967279,168
4294967279,167
4294967279,158
4294967279,156
91,8
4294967279,317
89,343
89,342
89,341
89,340
89,339
4294967279,274
4294967279,196
4294967279,170
4294967279,166
4294967279,163
4294967279,162
4294967279,160
4294967279,159
4294967279,154
4294967279,153
4294967279,152
4294967279,151
4294967279,150
4294967279,149
4294967279,148
4294967279,147
4294967279,146
4294967279,145
4294967279,144
4294967279,143
4294967279,142
4294967279,141
4294967279,140
4294967279,139
4294967279,137
89,338
4294967279,283
4294967278,288
4294967278,266
4294967278,262
4294967278,281
4294967293,131
4294967293,130
4294967293,129
4294967293,128
4294967293,127
4294967293,126
4294967293,125
4294967293,124
4294967293,123
4294967293,122
4294967293,121
4294967293,120
4294967293,119
4294967293,118
4294967293,117
4294967293,116
4294967293,115
4294967293,114
4294967293,113
4294967293,112
4294967293,111
4294967293,110
4294967293,109
4294967293,108
4294967293,107
4294967293,106
4294967293,105
4294967293,104
4294967293,103
4294967293,102
4294967293,101
4294967293,100
4294967293,99
4294967293,98
4294967293,97
4294967293,96
4294967293,95
4294967293,94
4294967293,93
4294967293,92
4294967293,91
4294967293,90
4294967293,89
4294967293,87
4294967293,86
4294967293,85
4294967293,84
4294967293,83
4294967293,82
4294967293,81
4294967293,80
4294967293,79
4294967293,78
4294967293,77
4294967293,76
4294967293,75
4294967293,74
4294967293,73
4294967293,72
4294967293,71
4294967293,70
4294967293,69
4294967293,68
4294967293,67
4294967293,66
4294967293,65
4294967293,64
4294967293,63
4294967293,62
4294967293,61
4294967293,60
4294967293,59
4294967293,58
4294967293,57
4294967293,56
4294967293,55
4294967293,54
4294967293,53
4294967293,52
4294967293,51
4294967293,50
4294967293,49
4294967293,48
4294967293,47
4294967293,46
4294967293,45
4294967293,44
4294967293,43
4294967293,42
4294967293,41
4294967293,40
4294967293,39
4294967293,38
4294967293,37
4294967293,36
4294967293,35
4294967293,34
4294967293,33
4294967293,32
4294967293,31
4294967293,30
4294967293,29
4294967293,28
4294967293,27
4294967293,26
4294967293,25
4294967293,24
4294967293,23
4294967293,22
4294967293,21
4294967293,20
4294967293,19
4294967293,18
4294967293,17
4294967293,16
4294967293,15
4294967293,14
4294967293,13
4294967293,12
4294967293,11
4294967293,10
4294967293,9
4294967293,8
4294967293,7
4294967293,6
4294967293,5
4294967293,4
4294967293,3
4294967278,36
4294967278,35
4294967278,34
4294967278,33
4294967278,30
4294967278,28
4294967278,27
4294967278,26
4294967278,25
4294967278,24
4294967278,23
4294967278,22
4294967278,21
4294967278,19
4294967278,16
4294967278,15
4294967278,14
4294967278,13
4294967278,11
4294967278,10
4294967278,9
4294967278,8
4294967278,6
4294967279,132
4294967279,131
4294967279,129
4294967279,128
4294967279,125
4294967279,124
4294967279,123
4294967279,122
4294967279,119
4294967279,118
4294967279,117
4294967279,116
4294967279,115
4294967279,114
4294967279,113
4294967279,112
4294967279,111
4294967279,110
4294967279,109
4294967279,108
4294967279,107
4294967279,106
4294967279,105
4294967279,104
4294967279,103
4294967279,102
4294967279,101
4294967279,100
4294967279,99
4294967279,98
4294967279,97
4294967279,96
4294967279,95
4294967279,94
4294967279,93
4294967279,92
4294967279,91
4294967279,90
4294967279,89
4294967279,87
4294967279,86
4294967279,85
4294967279,84
4294967279,83
4294967279,82
4294967279,81
4294967279,80
4294967279,79
4294967279,78
4294967279,77
4294967279,76
4294967279,75
4294967279,74
4294967279,73
4294967279,72
4294967279,71
4294967279,70
4294967279,69
4294967279,68
4294967279,67
4294967279,66
4294967279,65
4294967279,64
4294967279,63
4294967279,62
4294967279,61
4294967279,60
4294967279,59
4294967279,58
4294967279,57
4294967279,56
4294967279,55
4294967279,54
4294967279,53
4294967279,52
4294967279,51
4294967279,50
4294967279,49
4294967279,48
4294967279,47
4294967279,46
4294967279,45
4294967279,44
4294967279,43
4294967279,23
4294967279,22
4294967279,21
4294967279,18
4294967279,17
4294967279,16
4294967279,15
4294967279,13
4294967279,252
4294967279,248
91,7
91,6
4294967279,244
4294967279,242
4294967279,240
4294967279,238
4294967279,237
4294967279,236
4294967279,234
4294967279,232
4294967279,230
4294967279,228
4294967279,226
4294967279,224
4294967279,222
4294967279,220
4294967279,216
4294967279,214
4294967279,213
4294967279,212
4294967279,211
4294967279,210
4294967279,209
4294967279,208
4294967279,207
4294967279,206
4294967279,205
4294967279,204
4294967279,203
4294967279,202
4294967279,201
4294967279,200
4294967279,199
4294967279,198
4294967279,197
4294967279,195
4294967279,194
4294967279,193
4294967279,192
4294967279,191
4294967279,190
4294967279,189
4294967279,188
4294967279,187
4294967279,186
4294967279,185
4294967279,184
4294967279,183
4294967279,182
4294967279,181
4294967279,180
4294967279,179
4294967279,177
4294967279,176
4294967279,175
4294967279,173
4294967279,172
4294967278,392
4294967278,271
4294967278,270
4294967278,268
4294967278,267
4294967278,265
4294967278,280
4294967278,263
4294967278,259
4294967279,332
4294967278,260
4294967279,272
4294967279,260
4294967279,515
4294967279,301
4294967278,308
4294967278,329
4294967279,514
4294967278,306
4294967279,521
4294967279,296
4294967278,391
4294967278,346
4294967278,350
4294967279,292
4294967279,536
4294967278,299
4294967278,349
4294967279,535
4294967278,348
4294967279,534
4294967279,533
4294967278,297
4294967278,328
4294967279,513
4294967278,347
4294967278,37
4294967278,296
4294967279,287
4294967279,532
4294967279,531
4294967278,32
4294967278,345
4294967278,31
4294967278,344
4294967279,529
4294967278,29
4294967278,343
4294967279,286
4294967279,331
4294967279,271
4294967278,278
4294967279,330
4294967278,20
4294967278,276
4294967279,19
4294967279,528
4294967278,18
4294967278,275
4294967279,302
4294967278,17
4294967278,289
4294967279,281
4294967278,269
4294967279,280
4294967278,12
4294967278,287
4294967279,263
4294967279,11
4294967279,279
4294967278,282
4294967279,278
4294967278,7
4294967278,342
4294967279,329
4294967279,277
4294967278,261
4294967278,341
4294967279,527
4294967278,390
4294967279,253
4294967278,340
4294967278,339
4294967279,526
4294967278,249
4294967279,525
4294967278,241
4294967279,328
4294967279,235
4294967278,233
4294967278,231
4294967278,229
4294967279,327
4294967279,227
4294967278,225
4294967279,225
4294967278,219
4294967278,337
4294967278,313
4294967278,389
4294967279,524
4294967278,388
4294967279,326
4294967278,387
4294967279,325
4294967278,336
4294967279,523
4294967279,324
4294967279,0
4294967279,522
4294967278,312
4294967279,305
4294967278,311
4294967279,304
4294967278,310
4294967279,520
4294967278,335
4294967279,303
4294967278,309
4294967279,519
4294967278,334
4294967279,518
4294967278,333
4294967279,517
4294967278,332
4294967278,5
4294967278,330
4294967279,298
4294967278,303
4294967278,4
86,92
86,48
89,198
89,388
86,132
86,51
89,337
89,336
89,387
89,386
86,91
4294967279,130
4294967279,127
4294967279,126
4294967279,121
4294967279,120
89,385
89,0
89,384
89,335
86,131
86,17
89,236
89,193
86,90
89,319
86,130
89,235
89,200
86,28
89,234
89,59
89,318
89,317
86,89
89,334
89,316
89,315
86,129
86,49
86,88
86,0
89,314
89,313
89,333
86,128
86,43
89,312
86,87
89,233
89,32
4294967279,251
4294967279,250
89,311
89,232
86,63
89,192
86,10
85,15
85,0
85,11
89,310
89,332
86,86
89,309
86,62
86,42
89,308
89,307
89,331
89,231
89,222
4294967279,249
89,306
86,61
89,230
86,16
86,85
89,20
86,60
89,305
86,25
89,304
86,59
86,44
89,229
89,194
4294967279,246
86,58
89,303
86,26
89,330
86,84
89,228
89,302
89,195
86,57
86,11
89,227
89,226
89,44
89,301
86,56
89,225
89,199
86,46
89,137
86,83
89,224
89,14
89,300
89,329
89,299
86,82
89,298
86,55
86,40
89,297
89,328
89,223
89,13
89,296
86,81
89,295
89,197
89,294
89,293
4294967278,338
89,327
86,80
86,54
86,24
89,221
89,292
89,57
89,220
89,291
89,36
89,290
86,79
89,326
89,219
89,130
89,289
89,218
89,62
85,14
89,288
89,217
89,287
86,78
89,325
89,286
89,285
89,216
85,13
89,154
89,215
89,153
85,8
86,77
89,284
89,283
89,324
89,282
86,76
89,281
89,280
89,323
89,214
89,279
89,149
86,75
89,278
89,277
89,322
89,213
89,276
89,212
89,146
86,74
89,211
89,145
89,275
89,274
86,73
89,273
89,321
89,272
89,271
86,72
89,270
89,320
89,269
86,71
89,210
89,144
89,268
89,209
89,267
89,60
86,70
89,166
89,266
89,265
89,264
86,69
89,208
89,140
89,263
89,165
89,262
86,68
89,261
89,260
89,164
89,259
89,207
89,258
89,134
86,67
89,257
89,206
89,136
89,163
89,256
89,205
89,196
89,127
86,66
89,126
89,125
89,162
4294967279,516
4294967278,331
86,65
89,124
89,123
89,122
89,204
89,22
86,64
89,161
89,121
89,203
89,120
89,202
89,119
86,53
89,160
89,118
89,117
89,116
86,52
89,201
4294967278,386
89,115
89,159
89,114
89,131
86,50
89,113
89,112
89,19
89,158
89,111
86,47
89,63
89,110
89,109
89,157
89,108
86,45
89,107
89,106
86,41
89,105
89,156
89,135
89,104
89,103
86,39
89,102
89,155
89,101
89,100
86,38
89,99
89,150
89,98
89,128
89,97
86,37
89,34
